CPLEX 22.1.1.0: optimal integer solution; objective 418500
147 MIP simplex iterations
0 branch-and-bound nodes
PRODUCTION_PLAN_PRODUCTS [*,*] (tr)
:  ceowniki katowniki prety    :=
1     120         0     200
2     120         0     200
3     120         0     200
4       0         0     200
5     120         0     200
6     120         0     200
7       0         0     200
8     120         0     200
9     120         0     200
10      0         0     200
11      0         0     200
12      0         0     200
13      0         0     200
14      0         0     200
15      0         0     200
16      0         0     200
17    120         0     200
18    120         0     200
19      0       140     200
20      0       140     200
21      0       140       0
22      0       140       0
23    120       140       0
24    120       140       0
25      0       140       0
26      0       140       0
27      0       140       0
28    120       140       0
29      0       140       0
30      0       140       0
31      0       140       0
32    120       140       0
33    120       140       0
34    120       140       0
35    120       140       0
36    120       140       0
37    120       140       0
38    120       140       0
39    120       140       0
40    100        60       0
;

